700   1100   1500   400   700   1100   1500   400   
2600   500   700   100   2600   500   700   100   
200   300   1000   0   200   300   1000   0   
1200   1100   1900   0   1200   1100   1900   0   
1000   1300   900   0   1000   1300   900   0   
800   800   1000   0   800   800   1000   0   
900   800   800   0   900   800   800   0   
1100   1000   1000   0   1100   1000   1000   0   
1300   1300   1000   0   1300   1300   1000   0   
1600   1600   1000   0   1600   1600   1000   0   
1900   1800   1500   0   1900   1800   1500   0   
2700   3000   1700   0   2700   3000   1700   0   
2600   2700   2000   0   2600   2700   2000   0   
3200   3300   2000   0   3200   3300   2000   0   
3600   3400   1800   0   3600   3400   1800   0   
3700   4400   1700   0   3700   4400   1700   0   
4500   4200   1600   0   4500   4200   1600   0   
5100   4500   1900   0   5100   4500   1900   0   
4800   5400   2200   0   4800   5400   2200   0 